partId = 1
1partId = 2
2============
sizeOfTheta =

   2   1

J =  148.14
partId = 3
3hypothesisFn =

  -1.2286
  -1.5980
  -1.9675
  -2.3370
  -2.7064
  -3.0759
  -3.4453
  -3.8148
  -4.1842
  -4.5537
  -4.9231
  -5.2926
  -5.6620
  -6.0315
  -6.4009
  -6.7704
  -7.1398
  -7.5093
  -7.8787
  -8.2482

============
sizeOfTheta =

   2   1

J =  12.493
hypothesisFn =

    5.6561
    6.7239
    7.7917
    8.8596
    9.9274
   10.9952
   12.0630
   13.1309
   14.1987
   15.2665
   16.3343
   17.4022
   18.4700
   19.5378
   20.6056
   21.6735
   22.7413
   23.8091
   24.8769
   25.9447

============
sizeOfTheta =

   2   1

J =  1.2598
hypothesisFn =

    3.6754
    4.3296
    4.9838
    5.6380
    6.2922
    6.9464
    7.6006
    8.2547
    8.9089
    9.5631
   10.2173
   10.8715
   11.5257
   12.1799
   12.8341
   13.4883
   14.1425
   14.7967
   15.4509
   16.1051

============
sizeOfTheta =

   2   1

J =  0.32964
hypothesisFn =

    4.2458
    5.0190
    5.7921
    6.5653
    7.3385
    8.1117
    8.8849
    9.6581
   10.4313
   11.2044
   11.9776
   12.7508
   13.5240
   14.2972
   15.0704
   15.8436
   16.6168
   17.3899
   18.1631
   18.9363

============
sizeOfTheta =

   2   1

J =  0.25260
hypothesisFn =

    4.0821
    4.8210
    5.5599
    6.2988
    7.0377
    7.7766
    8.5155
    9.2544
    9.9933
   10.7322
   11.4712
   12.2101
   12.9490
   13.6879
   14.4268
   15.1657
   15.9046
   16.6435
   17.3824
   18.1213

============
sizeOfTheta =

   2   1

J =  0.24620
hypothesisFn =

    4.1296
    4.8783
    5.6271
    6.3758
    7.1245
    7.8733
    8.6220
    9.3708
   10.1195
   10.8682
   11.6170
   12.3657
   13.1144
   13.8632
   14.6119
   15.3607
   16.1094
   16.8581
   17.6069
   18.3556

============
sizeOfTheta =

   2   1

J =  0.24565
hypothesisFn =

    4.1163
    4.8622
    5.6081
    6.3540
    7.0998
    7.8457
    8.5916
    9.3374
   10.0833
   10.8292
   11.5751
   12.3209
   13.0668
   13.8127
   14.5586
   15.3044
   16.0503
   16.7962
   17.5421
   18.2879

============
sizeOfTheta =

   2   1

J =  0.24559
hypothesisFn =

    4.1206
    4.8672
    5.6139
    6.3606
    7.1072
    7.8539
    8.6005
    9.3472
   10.0939
   10.8405
   11.5872
   12.3339
   13.0805
   13.8272
   14.5738
   15.3205
   16.0672
   16.8138
   17.5605
   18.3072

============
sizeOfTheta =

   2   1

J =  0.24556
hypothesisFn =

    4.1198
    4.8662
    5.6126
    6.3590
    7.1054
    7.8518
    8.5982
    9.3446
   10.0910
   10.8374
   11.5838
   12.3302
   13.0766
   13.8230
   14.5694
   15.3158
   16.0622
   16.8086
   17.5550
   18.3014

============
sizeOfTheta =

   2   1

J =  0.24554
hypothesisFn =

    4.1204
    4.8669
    5.6133
    6.3597
    7.1062
    7.8526
    8.5991
    9.3455
   10.0919
   10.8384
   11.5848
   12.3313
   13.0777
   13.8241
   14.5706
   15.3170
   16.0635
   16.8099
   17.5563
   18.3028

============
sizeOfTheta =

   2   1

J =  0.24552
partId = 4
4partId = 5
5partId = 6
6hypothesisFn =

  -1.8947
  -2.1262
  -2.3496
  -2.5667
  -2.7788
  -2.9868
  -3.1912
  -3.3928
  -3.5917
  -3.7884
  -3.9832
  -4.1761
  -4.3674
  -4.5573
  -4.7459
  -4.9332
  -5.1195
  -5.3046
  -5.4889
  -5.6722

ts =

   4   1

xs =

   20    4

temp1 =  0.083947
temp2 =  1.9822
temp3 =  0.32304
temp4 = -0.063041
theta =

   0.083947
   1.982170
   0.323040
  -0.063041

hypothesisFn =

    7.4514
    8.9728
   10.4896
   12.0028
   13.5130
   15.0207
   16.5263
   18.0300
   19.5322
   21.0330
   22.5325
   24.0309
   25.5282
   27.0247
   28.5202
   30.0149
   31.5090
   33.0023
   34.4950
   35.9871

ts =

   4   1

xs =

   20    4

temp1 =  0.011779
temp2 =  1.0638
temp3 =  0.068845
temp4 = -0.19800
theta =

   0.011779
   1.063828
   0.068845
  -0.198000

hypothesisFn =

    3.5476
    4.3333
    5.1196
    5.9062
    6.6932
    7.4803
    8.2676
    9.0550
    9.8425
   10.6301
   11.4177
   12.2054
   12.9932
   13.7809
   14.5687
   15.3565
   16.1444
   16.9322
   17.7201
   18.5079

ts =

   4   1

xs =

   20    4

temp1 =  0.046968
temp2 =  1.4455
temp3 =  0.18243
temp4 = -0.13513
theta =

   0.046968
   1.445541
   0.182428
  -0.135125

hypothesisFn =

    5.1994
    6.2929
    7.3846
    8.4748
    9.5639
   10.6520
   11.7392
   12.8256
   13.9114
   14.9966
   16.0812
   17.1654
   18.2491
   19.3325
   20.4154
   21.4980
   22.5803
   23.6623
   24.7440
   25.8254

ts =

   4   1

xs =

   20    4

temp1 =  0.037110
temp2 =  1.2822
temp3 =  0.14176
temp4 = -0.15524
theta =

   0.037110
   1.282166
   0.141760
  -0.155241

hypothesisFn =

    4.5217
    5.4854
    6.4481
    7.4101
    8.3713
    9.3320
   10.2922
   11.2520
   12.2113
   13.1703
   14.1289
   15.0873
   16.0454
   17.0032
   17.9608
   18.9182
   19.8754
   20.8324
   21.7892
   22.7459

ts =

   4   1

xs =

   20    4

temp1 =  0.046110
temp2 =  1.3474
temp3 =  0.16573
temp4 = -0.14060
theta =

   0.046110
   1.347366
   0.165726
  -0.140598

hypothesisFn =

    4.8206
    5.8380
    6.8540
    7.8687
    8.8824
    9.8954
   10.9075
   11.9191
   12.9301
   13.9406
   14.9506
   15.9602
   16.9695
   17.9784
   18.9870
   19.9952
   21.0033
   22.0110
   23.0185
   24.0258

ts =

   4   1

xs =

   20    4

temp1 =  0.047171
temp2 =  1.3167
temp3 =  0.16255
temp4 = -0.14057
theta =

   0.047171
   1.316746
   0.162548
  -0.140568

hypothesisFn =

    4.7100
    5.7041
    6.6969
    7.6885
    8.6791
    9.6690
   10.6581
   11.6466
   12.6346
   13.6221
   14.6091
   15.5958
   16.5821
   17.5680
   18.5537
   19.5390
   20.5241
   21.5089
   22.4935
   23.4779

ts =

   4   1

xs =

   20    4

temp1 =  0.051531
temp2 =  1.3263
temp3 =  0.17071
temp4 = -0.13445
theta =

   0.051531
   1.326323
   0.170709
  -0.134450

hypothesisFn =

    4.7710
    5.7742
    6.7758
    7.7761
    8.7753
    9.7737
   10.7712
   11.7681
   12.7644
   13.7601
   14.7554
   15.7502
   16.7446
   17.7386
   18.7323
   19.7257
   20.7188
   21.7116
   22.7042
   23.6965

ts =

   4   1

xs =

   20    4

temp1 =  0.054477
temp2 =  1.3191
temp3 =  0.17407
temp4 = -0.13092
theta =

   0.054477
   1.319066
   0.174073
  -0.130922

hypothesisFn =

    4.7599
    5.7586
    6.7556
    7.7513
    8.7459
    9.7395
   10.7323
   11.7244
   12.7158
   13.7067
   14.6971
   15.6870
   16.6765
   17.6656
   18.6544
   19.6428
   20.6310
   21.6188
   22.6064
   23.5937

ts =

   4   1

xs =

   20    4

temp1 =  0.057985
temp2 =  1.3189
temp3 =  0.17941
temp4 = -0.12635
theta =

   0.057985
   1.318887
   0.179407
  -0.126347

hypothesisFn =

    4.7789
    5.7788
    6.7769
    7.7736
    8.7690
    9.7635
   10.7570
   11.7498
   12.7420
   13.7335
   14.7245
   15.7150
   16.7051
   17.6948
   18.6841
   19.6730
   20.6616
   21.6500
   22.6380
   23.6258

ts =

   4   1

xs =

   20    4

temp1 =  0.061227
temp2 =  1.3158
temp3 =  0.18387
temp4 = -0.12225
theta =

   0.061227
   1.315761
   0.183873
  -0.122249

----------######------------------partId = 7
7temp =

  1.4963e+004  -5.8016e+002  1.0386e+004  -2.3616e+004
  -5.8016e+002  2.2965e+001  -4.0705e+002  9.2064e+002
  1.0386e+004  -4.0705e+002  7.2502e+003  -1.6440e+004
  -2.3616e+004  9.2064e+002  -1.6440e+004  3.7327e+004

ans =

   4   4

ans =

   4   1

theta =

  -120.8154
     5.0642
   -77.7337
   185.6926

!! Submission failed: unexpected error: urlread: Peer certificate cannot be authenticated with given CA certificates
!! Please try again later.
